control_mode_switcher : 
{
  current_gain = 1.065840344;
  voltage_gain = 0.5887325334;
  voltage_joint_position_control : 
  {
    kp = ( 900, 2500, 600, 500, 80, 80, 30 );
  };
  voltage_tool_position_control : 
  {
    kp = ( 7000, 7000, 7000 );
    control_signal_limit = ( 175, 175, 175 );
  };
  voltage_tool_orientation_control : 
  {
    kp = 70.0;
    kd = 0.0;
  };
};
acceleration_rolloff = 1000.0;
drive_inertias = ( 0.00011631, 0.00011831, 0.00011831, 0.00010686, 1.685e-05, 1.745e-05, 1.42e-06 );
dynamics : 
{
  moving = ( 
    {
      mass = 10.7677;
      com = ( -0.00443, 0.12189, -0.00066 );
      I = ( ( 0.13488033, -0.00213041, -0.00012485 ), ( -0.00213041, 0.11328369, 0.00068555 ), ( -0.00012485, 0.00068555, 0.0904633 ) );
    }, 
    {
      mass = 3.8749;
      com = ( -0.00237, 0.03106, 0.01542 );
      I = ( ( 0.02140958, 0.00027172, 2.461e-05 ), ( 0.00027172, 0.01377875, -0.0018192 ), ( 2.461e-05, -0.0018192, 0.01558906 ) );
    }, 
    {
      mass = 1.8023;
      com = ( -0.03826, 0.20751, 3e-05 );
      I = ( ( 0.05911077, -0.00249612, 7.38e-06 ), ( -0.00249612, 0.0032455, -1.767e-05 ), ( 7.38e-06, -1.767e-05, 0.05927043 ) );
    }, 
    {
      mass = 2.17266212;
      com = ( 0.00553408, 6.822e-05, 0.11927695 );
      I = ( ( 0.01067491, 4.503e-05, -0.00135557 ), ( 4.503e-05, 0.01058659, -0.00011002 ), ( -0.00135557, -0.00011002, 0.00282036 ) );
    }, 
    {
      mass = 0.35655692;
      com = ( 5.483e-05, 0.02886286, 0.00148493 );
      I = ( ( 0.00037112, -8e-08, -3e-08 ), ( -8e-08, 0.00019434, -1.613e-05 ), ( -3e-08, -1.613e-05, 0.00038209 ) );
    }, 
    {
      mass = 0.40915886;
      com = ( -5.923e-05, -0.01686123, 0.02419052 );
      I = ( ( 0.00054889, 1.9e-07, -1e-07 ), ( 1.9e-07, 0.00023846, -4.43e-05 ), ( -1e-07, -4.43e-05, 0.00045133 ) );
    }, 
    {
      mass = 2.0;
      com = ( 0.0, 0.0, 0.06 );
      I = ( ( 0.054, 0.0, 0.0 ), ( 0.0, 0.104, 0.0 ), ( 0.0, 0.0, 0.054 ) );
    } );
};
friction_compensation : 
{
  coulomb = ( 0, 0, 0, 0, 0, 0, 0 );
  viscous = ( 0, 0, 0, 0, 0, 0, 0 );
};
