control_mode_switcher : 
{
  current_gain = 0.9606541302;
  voltage_gain = 0.6934290679;
  voltage_joint_position_control : 
  {
    kp = ( 900, 2500, 600, 500 );
  };
  voltage_tool_position_control : 
  {
    kp = ( 7000, 7000, 7000 );
    control_signal_limit = ( 175, 175, 175 );
  };
  voltage_tool_orientation_control : 
  {
    kp = 70.0;
    kd = 0.0;
  };
};
acceleration_rolloff = 1000.0;
drive_inertias = ( 0.00011631, 0.00011831, 0.00011831, 0.00010686 );
dynamics : 
{
  moving = ( 
    {
      mass = 10.7677;
      com = ( -0.00443, 0.12189, -0.00066 );
      I = ( ( 0.13488033, -0.00213041, -0.00012485 ), ( -0.00213041, 0.11328369, 0.00068555 ), ( -0.00012485, 0.00068555, 0.0904633 ) );
    }, 
    {
      mass = 3.8749;
      com = ( -0.00237, 0.03106, 0.01542 );
      I = ( ( 0.02140958, 0.00027172, 2.461e-05 ), ( 0.00027172, 0.01377875, -0.0018192 ), ( 2.461e-05, -0.0018192, 0.01558906 ) );
    }, 
    {
      mass = 1.8023;
      com = ( -0.03826, 0.20751, 3e-05 );
      I = ( ( 0.05911077, -0.00249612, 7.38e-06 ), ( -0.00249612, 0.0032455, -1.767e-05 ), ( 7.38e-06, -1.767e-05, 0.05927043 ) );
    }, 
    {
      mass = 2.17266212;
      com = ( 0.00553408, 6.822e-05, 0.11927695 );
      I = ( ( 0.01067491, 4.503e-05, -0.00135557 ), ( 4.503e-05, 0.01058659, -0.00011002 ), ( -0.00135557, -0.00011002, 0.00282036 ) );
    } );
};
friction_compensation : 
{
  coulomb = ( 0, 0, 0, 0 );
  viscous = ( 0, 0, 0, 0 );
};
